"State","County","Year","Days with AQI","Good Days","Moderate Days","Unhealthy for Sensitive Groups Days","Unhealthy Days","Very Unhealthy Days","Hazardous Days","Max AQI","90th Percentile AQI","Median AQI","Days CO","Days NO2","Days Ozone","Days SO2","Days PM2.5","Days PM10"
"Alabama","Baldwin",2017,48,45,3,0,0,0,0,58,49,36,0,0,27,0,21,0
"Alabama","Clay",2017,27,20,7,0,0,0,0,66,60,36,0,0,0,0,27,0
"Alabama","Colbert",2017,51,47,4,0,0,0,0,63,46,41,0,0,28,0,23,0
"Alabama","DeKalb",2017,68,64,4,0,0,0,0,57,45,36,0,0,50,0,18,0
"Alabama","Elmore",2017,14,14,0,0,0,0,0,47,47,41,0,0,14,0,0,0
"Alabama","Etowah",2017,87,54,33,0,0,0,0,90,62,47,0,0,7,0,80,0
"Alabama","Houston",2017,49,44,4,1,0,0,0,131,51,38,0,0,27,0,22,0
"Alabama","Jefferson",2017,120,49,67,4,0,0,0,116,79,54,0,2,28,30,60,0
"Alabama","Madison",2017,45,44,1,0,0,0,0,65,43,10,0,0,0,0,18,27
"Alabama","Mobile",2017,90,71,17,2,0,0,0,139,53,40,0,0,18,2,70,0
"Alabama","Montgomery",2017,87,56,30,1,0,0,0,128,67,43,0,0,14,0,73,0
"Alabama","Morgan",2017,90,84,6,0,0,0,0,59,48,34,0,0,26,0,64,0
"Alabama","Russell",2017,43,34,9,0,0,0,0,86,63,43,0,0,23,0,20,0
"Alabama","Shelby",2017,82,79,3,0,0,0,0,60,43,1,0,0,25,57,0,0
"Alabama","Sumter",2017,79,70,9,0,0,0,0,66,51,39,0,0,19,0,60,0
"Alabama","Talladega",2017,29,21,8,0,0,0,0,70,58,36,0,0,0,0,29,0
"Alabama","Tuscaloosa",2017,80,61,18,1,0,0,0,123,56,42,0,0,20,0,60,0
"Alaska","Anchorage ",2017,102,89,13,0,0,0,0,67,52,17,0,0,0,0,0,102
"Alaska","Denali ",2017,87,87,0,0,0,0,0,46,42,39,0,0,87,0,0,0
"Alaska","Matanuska-Susitna ",2017,89,85,4,0,0,0,0,80,45,15,0,0,0,0,80,9
"Arizona","Apache",2017,95,95,0,0,0,0,0,49,17,10,0,0,0,0,10,85
"Arizona","Cochise",2017,90,80,10,0,0,0,0,67,52,44,0,0,80,0,2,8
"Arizona","Coconino",2017,90,87,3,0,0,0,0,54,48,43,0,0,90,0,0,0
"Arizona","Gila",2017,90,19,28,36,7,0,0,200,139,100,0,0,15,73,0,2
"Arizona","La Paz",2017,90,88,2,0,0,0,0,64,46,39,0,0,77,0,13,0
"Arizona","Maricopa",2017,90,46,43,1,0,0,0,103,67,50,0,12,40,0,33,5
"Arizona","Mohave",2017,77,76,1,0,0,0,0,86,26,9,0,0,0,0,0,77
"Arizona","Navajo",2017,90,90,0,0,0,0,0,50,47,39,0,0,78,0,0,12
"Arizona","Pima",2017,90,62,27,1,0,0,0,101,62,45,0,0,52,0,3,35
"Arizona","Pinal",2017,90,79,11,0,0,0,0,61,51,41,0,0,90,0,0,0
"Arizona","Santa Cruz",2017,90,62,28,0,0,0,0,92,63,38,0,0,0,0,49,41
"Arizona","Yavapai",2017,89,76,13,0,0,0,0,74,54,45,0,0,89,0,0,0
"Arizona","Yuma",2017,90,68,21,0,0,1,0,235,55,44,0,0,49,0,14,27
"Arkansas","Arkansas",2017,27,26,1,0,0,0,0,51,41,28,0,0,0,0,27,0
"Arkansas","Ashley",2017,29,29,0,0,0,0,0,49,47,28,0,0,0,0,29,0
"Arkansas","Clark",2017,58,57,1,0,0,0,0,58,41,31,0,0,58,0,0,0
"Arkansas","Crittenden",2017,90,88,2,0,0,0,0,58,44,36,0,8,71,0,11,0
"Arkansas","Garland",2017,30,27,3,0,0,0,0,60,51,34,0,0,0,0,30,0
"Arkansas","Jackson",2017,30,28,2,0,0,0,0,58,49,29,0,0,0,0,30,0
"Arkansas","Newton",2017,90,88,2,0,0,0,0,54,46,37,0,0,90,0,0,0
"Arkansas","Polk",2017,90,87,3,0,0,0,0,77,48,39,0,0,82,0,8,0
"Arkansas","Pulaski",2017,90,78,12,0,0,0,0,60,53,40,0,0,45,0,45,0
"Arkansas","Union",2017,30,27,3,0,0,0,0,53,51,29,0,0,0,0,30,0
"Arkansas","Washington",2017,90,83,7,0,0,0,0,67,50,39,0,0,83,0,7,0
"California","Alameda",2017,90,71,19,0,0,0,0,87,58,41,0,3,44,0,43,0
"California","Butte",2017,37,29,8,0,0,0,0,91,59,24,0,0,0,0,37,0
"California","Colusa",2017,54,52,2,0,0,0,0,58,31,20,0,0,0,0,54,0
"California","Contra Costa",2017,90,79,11,0,0,0,0,90,56,38,0,1,52,0,37,0
"California","Fresno",2017,89,78,10,1,0,0,0,112,56,37,0,1,71,0,17,0
"California","Humboldt",2017,29,24,5,0,0,0,0,70,64,20,0,0,0,0,29,0
"California","Imperial",2017,48,40,8,0,0,0,0,90,58,33,0,0,0,0,48,0
"California","Inyo",2017,90,87,3,0,0,0,0,72,45,39,0,0,73,0,0,17
"California","Kern",2017,85,75,9,1,0,0,0,128,59,33,0,0,23,0,57,5
"California","Kings",2017,120,105,14,1,0,0,0,127,54,36,0,0,97,0,8,15
"California","Lake",2017,31,31,0,0,0,0,0,40,37,31,0,0,31,0,0,0
"California","Madera",2017,2,1,1,0,0,0,0,96,96,96,0,0,0,0,2,0
"California","Marin",2017,90,82,8,0,0,0,0,81,50,37,0,2,57,0,31,0
"California","Mariposa",2017,90,85,5,0,0,0,0,87,47,41,0,0,90,0,0,0
"California","Merced",2017,59,41,17,1,0,0,0,110,77,37,0,0,27,0,32,0
"California","Monterey",2017,90,88,2,0,0,0,0,89,42,36,0,0,82,0,8,0
"California","Napa",2017,90,67,23,0,0,0,0,79,60,39,0,0,20,0,70,0
"California","Nevada",2017,90,83,7,0,0,0,0,71,50,44,0,0,86,0,4,0
"California","Placer",2017,90,86,4,0,0,0,0,57,47,40,0,0,86,0,4,0
"California","Plumas",2017,40,12,25,3,0,0,0,149,95,59,0,0,0,0,40,0
"California","Riverside",2017,120,67,43,9,0,0,1,365,97,49,0,0,97,0,13,10
"California","Sacramento",2017,39,29,10,0,0,0,0,79,76,23,0,0,0,0,39,0
"California","San Benito",2017,90,90,0,0,0,0,0,45,42,36,0,0,89,0,1,0
"California","San Bernardino",2017,86,71,15,0,0,0,0,84,58,44,0,0,86,0,0,0
"California","San Diego",2017,93,30,62,1,0,0,0,112,73,56,0,0,45,0,47,1
"California","San Francisco",2017,90,79,11,0,0,0,0,82,51,37,0,13,51,0,26,0
"California","San Joaquin",2017,36,23,13,0,0,0,0,96,74,31,0,0,0,0,31,5
"California","San Luis Obispo",2017,59,53,6,0,0,0,0,63,51,38,0,0,46,0,12,1
"California","San Mateo",2017,90,83,7,0,0,0,0,70,49,33,0,7,48,0,35,0
"California","Santa Barbara",2017,46,43,1,1,0,1,0,264,45,37,0,0,28,0,0,18
"California","Santa Clara",2017,90,78,12,0,0,0,0,99,54,34,0,6,51,0,33,0
"California","Santa Cruz",2017,90,87,3,0,0,0,0,64,43,35,0,0,74,0,16,0
"California","Shasta",2017,89,84,5,0,0,0,0,61,48,43,0,0,87,0,2,0
"California","Siskiyou",2017,5,1,4,0,0,0,0,66,66,54,0,0,0,0,5,0
"California","Solano",2017,90,76,14,0,0,0,0,73,59,38,0,0,48,0,42,0
"California","Sonoma",2017,90,81,9,0,0,0,0,68,52,33,0,0,60,0,30,0
"California","Stanislaus",2017,14,11,2,1,0,0,0,110,63,20,0,0,0,0,8,6
"California","Sutter",2017,28,22,6,0,0,0,0,74,66,16,0,0,0,0,28,0
"California","Tehama",2017,9,9,0,0,0,0,0,17,17,5,0,0,0,0,0,9
"California","Tulare",2017,79,71,7,1,0,0,0,102,54,33,0,0,67,0,12,0
"California","Ventura",2017,90,75,15,0,0,0,0,87,58,43,0,0,68,0,22,0
"California","Yolo",2017,71,70,1,0,0,0,0,52,40,34,0,0,67,0,4,0
"Colorado","Adams",2017,106,79,27,0,0,0,0,86,62,43,0,23,29,0,34,20
"Colorado","Alamosa",2017,58,58,0,0,0,0,0,45,33,13,0,0,0,0,0,58
"Colorado","Arapahoe",2017,96,89,7,0,0,0,0,68,50,43,0,0,87,0,9,0
"Colorado","Archuleta",2017,69,64,5,0,0,0,0,59,47,22,0,0,0,0,0,69
"Colorado","Boulder",2017,95,90,5,0,0,0,0,70,48,42,0,0,80,0,14,1
"Colorado","Clear Creek",2017,90,75,15,0,0,0,0,67,58,46,0,0,90,0,0,0
"Colorado","Delta",2017,18,18,0,0,0,0,0,41,40,16,0,0,0,0,0,18
"Colorado","Denver",2017,106,53,53,0,0,0,0,86,68,51,0,61,9,0,34,2
"Colorado","Douglas",2017,95,84,11,0,0,0,0,64,51,41,0,0,86,0,9,0
"Colorado","El Paso",2017,93,79,14,0,0,0,0,73,54,44,0,0,73,0,17,3
"Colorado","Fremont",2017,8,8,0,0,0,0,0,44,44,10,0,0,0,0,0,8
"Colorado","Garfield",2017,91,91,0,0,0,0,0,46,43,34,0,0,84,0,0,7
"Colorado","Gunnison",2017,103,95,8,0,0,0,0,72,50,39,0,0,52,0,0,51
"Colorado","Jefferson",2017,90,82,8,0,0,0,0,67,50,44,0,0,90,0,0,0
"Colorado","La Plata",2017,120,94,25,1,0,0,0,108,71,45,0,0,114,0,6,0
"Colorado","Larimer",2017,91,73,18,0,0,0,0,67,54,47,0,0,77,0,13,1
"Colorado","Mesa",2017,96,87,9,0,0,0,0,76,50,40,0,0,70,0,20,6
"Colorado","Moffat",2017,90,88,2,0,0,0,0,71,47,42,0,0,90,0,0,0
"Colorado","Montezuma",2017,90,88,2,0,0,0,0,67,44,40,0,0,90,0,0,0
"Colorado","Montrose",2017,88,88,0,0,0,0,0,50,44,37,0,0,88,0,0,0
"Colorado","Pitkin",2017,17,17,0,0,0,0,0,22,17,8,0,0,0,0,0,17
"Colorado","Prowers",2017,67,65,2,0,0,0,0,67,37,12,0,0,0,0,0,67
"Colorado","Pueblo",2017,30,28,1,1,0,0,0,107,28,19,0,0,0,0,18,12
"Colorado","Rio Blanco",2017,90,80,10,0,0,0,0,87,51,43,0,0,81,0,9,0
"Colorado","Routt",2017,70,68,2,0,0,0,0,53,41,17,0,0,0,0,0,70
"Colorado","San Miguel",2017,20,19,1,0,0,0,0,55,43,14,0,0,0,0,0,20
"Colorado","Weld",2017,96,80,16,0,0,0,0,72,58,41,0,0,61,0,35,0
"Connecticut","Windham",2017,58,58,0,0,0,0,0,44,39,33,0,0,58,0,0,0
"Country Of Mexico","BAJA CALIFORNIA NORTE",2017,90,26,47,15,2,0,0,156,125,68,0,0,0,0,87,3
"Delaware","Kent",2017,119,102,17,0,0,0,0,81,54,40,0,0,82,0,37,0
"Delaware","New Castle",2017,120,89,31,0,0,0,0,93,62,44,0,4,65,0,51,0
"Delaware","Sussex",2017,120,102,18,0,0,0,0,67,57,41,0,0,82,0,38,0
"District Of Columbia","District of Columbia",2017,120,90,30,0,0,0,0,68,59,40,0,0,0,0,120,0
"Florida","Indian River",2017,57,54,3,0,0,0,0,58,48,41,0,0,57,0,0,0
"Florida","Liberty",2017,52,52,0,0,0,0,0,49,43,33,0,0,52,0,0,0
"Georgia","Bibb",2017,90,74,16,0,0,0,0,81,58,42,0,0,24,0,66,0
"Georgia","Chatham",2017,90,77,13,0,0,0,0,80,54,36,0,0,21,11,58,0
"Georgia","Chattooga",2017,31,31,0,0,0,0,0,47,44,40,0,0,31,0,0,0
"Georgia","Clarke",2017,86,74,12,0,0,0,0,66,54,38,0,0,24,0,62,0
"Georgia","Clayton",2017,18,10,8,0,0,0,0,68,67,48,0,0,0,0,18,0
"Georgia","Cobb",2017,50,44,6,0,0,0,0,72,55,39,0,0,31,0,19,0
"Georgia","Coffee",2017,4,4,0,0,0,0,0,38,38,30,0,0,0,0,4,0
"Georgia","Columbia",2017,31,30,1,0,0,0,0,54,48,42,0,0,31,0,0,0
"Georgia","Coweta",2017,88,75,13,0,0,0,0,60,53,36,0,0,22,0,66,0
"Georgia","Dawson",2017,30,27,3,0,0,0,0,61,51,43,0,0,30,0,0,0
"Georgia","DeKalb",2017,90,62,28,0,0,0,0,72,60,43,0,24,28,0,38,0
"Georgia","Dougherty",2017,84,53,30,0,1,0,0,151,71,45,0,0,0,0,84,0
"Georgia","Douglas",2017,31,31,0,0,0,0,0,50,46,41,0,0,31,0,0,0
"Georgia","Floyd",2017,90,72,18,0,0,0,0,69,56,25,0,0,0,43,47,0
"Georgia","Fulton",2017,90,60,30,0,0,0,0,75,59,46,0,13,15,0,62,0
"Georgia","Glynn",2017,48,44,4,0,0,0,0,62,47,38,0,0,31,0,17,0
"Georgia","Gwinnett",2017,89,80,9,0,0,0,0,75,51,38,0,0,25,0,64,0
"Georgia","Hall",2017,20,17,3,0,0,0,0,66,58,30,0,0,0,0,20,0
"Georgia","Henry",2017,86,74,12,0,0,0,0,63,51,36,0,0,24,0,62,0
"Georgia","Houston",2017,89,65,23,1,0,0,0,141,62,33,0,0,0,0,89,0
"Georgia","Lowndes",2017,90,69,21,0,0,0,0,95,60,38,0,0,0,0,90,0
"Georgia","Murray",2017,26,24,2,0,0,0,0,64,49,46,0,0,26,0,0,0
"Georgia","Muscogee",2017,89,66,23,0,0,0,0,92,64,40,0,0,15,0,74,0
"Georgia","Paulding",2017,11,10,1,0,0,0,0,52,37,21,0,0,0,0,11,0
"Georgia","Pike",2017,59,58,1,0,0,0,0,61,44,38,0,0,59,0,0,0
"Georgia","Richmond",2017,90,66,23,0,0,0,1,364,63,43,0,0,23,4,62,1
"Georgia","Rockdale",2017,30,30,0,0,0,0,0,50,49,42,0,0,30,0,0,0
"Georgia","Sumter",2017,30,28,2,0,0,0,0,58,49,44,0,0,30,0,0,0
"Georgia","Walker",2017,77,60,17,0,0,0,0,75,58,38,0,0,0,0,77,0
"Georgia","Washington",2017,20,15,5,0,0,0,0,78,76,40,0,0,0,0,20,0
"Hawaii","Hawaii",2017,90,11,4,11,62,2,0,277,200,199,0,0,0,79,11,0
"Hawaii","Honolulu",2017,69,64,5,0,0,0,0,60,48,38,0,1,48,0,20,0
"Hawaii","Kauai",2017,59,58,1,0,0,0,0,53,34,13,0,10,0,0,49,0
"Hawaii","Maui",2017,59,54,5,0,0,0,0,81,47,21,0,0,0,0,59,0
"Idaho","Bannock",2017,91,88,3,0,0,0,0,72,30,15,0,0,0,0,74,17
"Idaho","Benewah",2017,90,86,4,0,0,0,0,63,38,21,0,0,0,0,90,0
"Idaho","Butte",2017,90,90,0,0,0,0,0,45,44,41,0,0,90,0,0,0
"Idaho","Idaho",2017,90,79,11,0,0,0,0,61,51,35,0,0,20,0,70,0
"Idaho","Jerome",2017,75,73,2,0,0,0,0,59,24,17,0,0,0,0,75,0
"Idaho","Nez Perce",2017,88,88,0,0,0,0,0,25,13,6,0,0,0,0,88,0
"Illinois","Adams",2017,31,31,0,0,0,0,0,50,44,38,0,0,31,0,0,0
"Illinois","Champaign",2017,90,67,23,0,0,0,0,81,57,38,0,0,38,0,52,0
"Illinois","Cook",2017,90,47,42,1,0,0,0,102,68,48,0,9,19,0,62,0
"Illinois","DuPage",2017,41,35,6,0,0,0,0,73,53,34,0,0,19,0,22,0
"Illinois","Effingham",2017,31,31,0,0,0,0,0,45,44,37,0,0,31,0,0,0
"Illinois","Hamilton",2017,90,76,14,0,0,0,0,61,54,38,0,0,25,0,65,0
"Illinois","Jersey",2017,90,70,20,0,0,0,0,81,60,41,0,0,14,0,76,0
"Illinois","Jo Daviess",2017,51,51,0,0,0,0,0,44,38,31,0,0,51,0,0,0
"Illinois","Kane",2017,84,74,10,0,0,0,0,72,52,35,0,0,67,0,17,0
"Illinois","La Salle",2017,90,90,0,0,0,0,0,13,4,1,0,0,0,90,0,0
"Illinois","Lake",2017,87,87,0,0,0,0,0,45,40,32,0,0,87,0,0,0
"Illinois","Macon",2017,90,80,10,0,0,0,0,70,52,36,0,0,45,7,38,0
"Illinois","Macoupin",2017,89,89,0,0,0,0,0,44,40,1,0,0,30,59,0,0
"Illinois","Madison",2017,90,69,21,0,0,0,0,70,60,40,0,0,38,0,50,2
"Illinois","McHenry",2017,85,73,12,0,0,0,0,75,53,35,0,0,40,0,45,0
"Illinois","McLean",2017,90,73,17,0,0,0,0,84,59,38,0,0,35,0,55,0
"Illinois","Monroe",2017,90,90,0,0,0,0,0,29,9,3,0,0,0,90,0,0
"Illinois","Peoria",2017,90,77,13,0,0,0,0,70,54,37,0,0,47,0,43,0
"Illinois","Randolph",2017,90,71,19,0,0,0,0,68,56,40,0,0,24,0,66,0
"Illinois","Rock Island",2017,88,84,4,0,0,0,0,65,45,34,0,0,75,0,13,0
"Illinois","Saint Clair",2017,90,80,10,0,0,0,0,62,51,33,0,9,37,0,44,0
"Illinois","Sangamon",2017,89,82,7,0,0,0,0,69,47,32,0,0,75,0,14,0
"Illinois","Tazewell",2017,82,82,0,0,0,0,0,31,17,3,0,0,0,82,0,0
"Illinois","Wabash",2017,90,89,1,0,0,0,0,59,16,1,0,0,0,90,0,0
"Illinois","Will",2017,90,70,20,0,0,0,0,89,63,36,0,0,36,0,54,0
"Illinois","Winnebago",2017,88,83,5,0,0,0,0,85,44,33,0,0,70,0,18,0
"Indiana","Allen",2017,109,77,32,0,0,0,0,91,63,40,0,0,0,0,109,0
"Indiana","Bartholomew",2017,114,105,9,0,0,0,0,75,49,28,0,0,0,0,114,0
"Indiana","Clark",2017,36,32,4,0,0,0,0,62,51,30,0,0,0,0,31,5
"Indiana","Daviess",2017,89,89,0,0,0,0,0,26,10,4,0,0,0,89,0,0
"Indiana","Delaware",2017,29,23,6,0,0,0,0,66,58,29,0,0,0,0,29,0
"Indiana","Dubois",2017,36,33,3,0,0,0,0,66,50,29,0,0,0,0,30,6
"Indiana","Elkhart",2017,69,50,19,0,0,0,0,85,65,34,0,0,0,0,69,0
"Indiana","Floyd",2017,120,102,18,0,0,0,0,70,54,32,0,0,0,3,117,0
"Indiana","Gibson",2017,89,83,6,0,0,0,0,65,29,3,0,0,0,89,0,0
"Indiana","Greene",2017,49,44,5,0,0,0,0,64,51,40,0,0,26,0,23,0
"Indiana","Hamilton",2017,90,74,16,0,0,0,0,74,57,37,0,0,0,0,90,0
"Indiana","Henry",2017,30,26,4,0,0,0,0,62,54,31,0,0,0,0,30,0
"Indiana","Howard",2017,87,63,24,0,0,0,0,80,64,40,0,0,0,0,87,0
"Indiana","Knox",2017,59,59,0,0,0,0,0,46,38,30,0,0,59,0,0,0
"Indiana","LaPorte",2017,29,23,6,0,0,0,0,73,60,35,0,0,0,0,29,0
"Indiana","Lake",2017,120,88,32,0,0,0,0,89,60,35,2,14,0,3,89,12
"Indiana","Madison",2017,90,67,23,0,0,0,0,84,60,33,0,0,0,0,90,0
"Indiana","Marion",2017,120,86,34,0,0,0,0,81,61,40,0,7,7,0,105,1
"Indiana","Monroe",2017,67,61,6,0,0,0,0,60,48,26,0,0,0,0,67,0
"Indiana","Morgan",2017,90,90,0,0,0,0,0,50,9,3,0,0,0,90,0,0
"Indiana","Perry",2017,29,28,1,0,0,0,0,54,46,40,0,0,29,0,0,0
"Indiana","Pike",2017,90,90,0,0,0,0,0,40,9,3,0,0,0,90,0,0
"Indiana","Porter",2017,120,100,20,0,0,0,0,82,58,31,0,0,0,7,88,25
"Indiana","Posey",2017,61,57,4,0,0,0,0,61,47,40,0,0,61,0,0,0
"Indiana","Spencer",2017,30,26,4,0,0,0,0,61,56,30,0,0,0,0,30,0
"Indiana","St. Joseph",2017,112,97,15,0,0,0,0,84,52,19,0,66,0,0,46,0
"Indiana","Tippecanoe",2017,90,64,26,0,0,0,0,81,60,43,0,0,0,0,90,0
"Indiana","Vanderburgh",2017,120,107,13,0,0,0,0,66,53,38,0,1,78,0,41,0
"Indiana","Vigo",2017,120,82,38,0,0,0,0,87,61,41,0,0,0,3,117,0
"Indiana","Wabash",2017,59,59,0,0,0,0,0,43,38,30,0,0,59,0,0,0
"Indiana","Warrick",2017,61,57,4,0,0,0,0,67,50,41,0,0,61,0,0,0
"Indiana","Whitley",2017,113,92,21,0,0,0,0,85,55,31,0,0,0,0,113,0
"Iowa","Black Hawk",2017,118,59,59,0,0,0,0,77,66,51,0,0,0,0,118,0
"Iowa","Bremer",2017,61,59,2,0,0,0,0,58,44,34,0,0,61,0,0,0
"Iowa","Cerro Gordo",2017,87,87,0,0,0,0,0,30,21,12,0,0,0,0,0,87
"Iowa","Clinton",2017,120,38,82,0,0,0,0,89,70,55,0,0,8,0,112,0
"Iowa","Delaware",2017,30,28,2,0,0,0,0,66,46,28,0,0,0,0,30,0
"Iowa","Harrison",2017,61,56,5,0,0,0,0,80,45,37,0,0,61,0,0,0
"Iowa","Johnson",2017,119,94,25,0,0,0,0,66,56,35,0,0,0,0,119,0
"Iowa","Lee",2017,25,21,4,0,0,0,0,66,56,37,0,0,0,0,25,0
"Iowa","Linn",2017,120,96,24,0,0,0,0,72,60,39,0,0,39,5,76,0
"Iowa","Montgomery",2017,120,80,40,0,0,0,0,71,58,42,0,0,38,0,82,0
"Iowa","Muscatine",2017,120,72,48,0,0,0,0,77,63,46,0,0,0,6,114,0
"Iowa","Palo Alto",2017,120,82,38,0,0,0,0,70,59,42,0,0,21,0,99,0
"Iowa","Polk",2017,120,100,20,0,0,0,0,74,53,39,0,1,58,0,61,0
"Iowa","Pottawattamie",2017,33,29,4,0,0,0,0,71,51,29,0,0,0,0,33,0
"Iowa","Scott",2017,120,37,82,1,0,0,0,103,71,55,0,0,8,0,98,14
"Iowa","Van Buren",2017,120,98,22,0,0,0,0,77,54,39,0,1,31,0,88,0
"Iowa","Warren",2017,61,58,3,0,0,0,0,58,45,36,0,0,61,0,0,0
"Iowa","Woodbury",2017,116,113,3,0,0,0,0,65,34,0,0,0,0,85,27,4
"Kansas","Ford",2017,89,86,1,1,1,0,0,187,31,11,0,0,0,0,0,89
"Kansas","Johnson",2017,89,81,8,0,0,0,0,62,49,36,0,0,49,0,40,0
"Kansas","Leavenworth",2017,90,89,1,0,0,0,0,51,43,31,0,0,90,0,0,0
"Kansas","Neosho",2017,90,82,8,0,0,0,0,61,49,34,0,0,72,0,17,1
"Kansas","Sedgwick",2017,90,68,22,0,0,0,0,95,59,39,0,3,41,0,24,22
"Kansas","Shawnee",2017,89,86,3,0,0,0,0,60,45,33,0,0,75,0,12,2
"Kansas","Sherman",2017,12,12,0,0,0,0,0,35,21,13,0,0,0,0,0,12
"Kansas","Sumner",2017,90,84,6,0,0,0,0,68,44,35,0,0,80,0,10,0
"Kansas","Trego",2017,90,87,3,0,0,0,0,62,38,31,0,0,75,0,14,1
"Kansas","Wyandotte",2017,90,57,33,0,0,0,0,97,61,44,0,2,29,0,59,0
"Kentucky","Bell",2017,6,6,0,0,0,0,0,43,43,30,0,0,0,0,6,0
"Kentucky","Boyd",2017,31,29,2,0,0,0,0,55,42,30,0,0,0,0,31,0
"Kentucky","Campbell",2017,31,27,4,0,0,0,0,54,51,34,0,0,0,0,31,0
"Kentucky","Carter",2017,11,10,1,0,0,0,0,51,38,18,0,0,0,0,11,0
"Kentucky","Christian",2017,10,9,1,0,0,0,0,52,52,28,0,0,0,0,10,0
"Kentucky","Daviess",2017,31,30,1,0,0,0,0,52,43,34,0,1,0,0,30,0
"Kentucky","Edmonson",2017,90,89,1,0,0,0,0,51,46,37,0,0,90,0,0,0
"Kentucky","Fayette",2017,31,30,1,0,0,0,0,53,37,24,0,5,0,0,26,0
"Kentucky","Greenup",2017,27,27,0,0,0,0,0,4,3,1,0,0,0,27,0,0
"Kentucky","Hardin",2017,31,30,1,0,0,0,0,51,43,30,0,0,0,0,31,0
"Kentucky","Henderson",2017,31,29,2,0,0,0,0,57,45,33,0,0,0,1,30,0
"Kentucky","Jessamine",2017,31,31,0,0,0,0,0,3,1,0,0,0,0,31,0,0
"Kentucky","Madison",2017,9,7,2,0,0,0,0,53,53,26,0,0,0,0,9,0
"Kentucky","McCracken",2017,31,31,0,0,0,0,0,43,38,30,0,0,0,0,31,0
"Kentucky","Morgan",2017,59,59,0,0,0,0,0,50,43,34,0,0,59,0,0,0
"Kentucky","Perry",2017,21,21,0,0,0,0,0,45,37,27,0,0,0,0,21,0
"Kentucky","Pike",2017,31,31,0,0,0,0,0,48,40,26,0,0,0,0,31,0
"Kentucky","Pulaski",2017,11,11,0,0,0,0,0,49,46,21,0,0,0,0,11,0
"Kentucky","Trigg",2017,54,53,1,0,0,0,0,54,42,34,0,0,54,0,0,0
"Kentucky","Warren",2017,31,31,0,0,0,0,0,46,38,28,0,0,0,0,31,0
"Kentucky","Washington",2017,58,58,0,0,0,0,0,49,42,32,0,0,58,0,0,0
"Louisiana","Ascension",2017,119,106,13,0,0,0,0,93,54,38,0,0,119,0,0,0
"Louisiana","Bossier",2017,119,103,16,0,0,0,0,87,54,37,0,0,98,0,21,0
"Louisiana","Caddo",2017,118,111,7,0,0,0,0,74,46,35,0,0,118,0,0,0
"Louisiana","Calcasieu",2017,120,81,39,0,0,0,0,98,59,44,0,1,41,2,76,0
"Louisiana","East Baton Rouge",2017,120,83,36,1,0,0,0,101,61,44,0,3,39,3,75,0
"Louisiana","Iberville",2017,120,97,23,0,0,0,0,97,64,43,0,0,120,0,0,0
"Louisiana","Jefferson",2017,120,111,9,0,0,0,0,83,50,38,0,5,96,0,19,0
"Louisiana","Lafayette",2017,120,110,10,0,0,0,0,80,50,38,0,0,106,0,14,0
"Louisiana","Lafourche",2017,120,108,12,0,0,0,0,74,51,37,0,0,111,0,9,0
"Louisiana","Livingston",2017,120,97,22,1,0,0,0,105,57,42,0,0,74,0,46,0
"Louisiana","Orleans",2017,120,111,9,0,0,0,0,64,50,37,0,26,0,0,94,0
"Louisiana","Ouachita",2017,118,114,4,0,0,0,0,67,46,35,0,0,118,0,0,0
"Louisiana","Pointe Coupee",2017,119,111,8,0,0,0,0,93,46,35,0,0,119,0,0,0
"Louisiana","St. Bernard",2017,120,97,23,0,0,0,0,96,56,44,0,0,92,10,18,0
"Louisiana","St. Charles",2017,104,101,3,0,0,0,0,77,26,0,0,0,0,104,0,0
"Louisiana","St. James",2017,120,113,7,0,0,0,0,71,48,35,0,0,120,0,0,0
"Louisiana","St. John the Baptist",2017,120,109,11,0,0,0,0,80,49,36,0,0,120,0,0,0
"Louisiana","St. Martin",2017,118,105,13,0,0,0,0,80,51,38,0,0,118,0,0,0
"Louisiana","St. Tammany",2017,119,108,11,0,0,0,0,80,49,40,0,0,105,0,14,0
"Louisiana","West Baton Rouge",2017,120,111,8,1,0,0,0,101,47,36,0,3,117,0,0,0
"Maine","Androscoggin",2017,88,76,12,0,0,0,0,72,53,39,0,0,43,0,45,0
"Maine","Aroostook",2017,120,88,32,0,0,0,0,97,58,37,0,0,22,0,93,5
"Maine","Cumberland",2017,120,111,9,0,0,0,0,74,49,39,0,7,90,0,22,1
"Maine","Franklin",2017,85,84,1,0,0,0,0,52,30,16,0,0,0,0,85,0
"Maine","Hancock",2017,120,113,6,1,0,0,0,150,48,40,0,0,116,0,4,0
"Maine","Kennebec",2017,86,85,1,0,0,0,0,62,41,18,0,59,25,0,2,0
"Maine","Oxford",2017,116,105,11,0,0,0,0,71,50,39,0,0,106,0,10,0
"Maine","Penobscot",2017,112,106,6,0,0,0,0,77,46,36,0,0,57,0,53,2
"Maine","Washington",2017,120,114,6,0,0,0,0,71,47,39,0,0,120,0,0,0
"Maine","York",2017,68,63,5,0,0,0,0,100,47,41,0,0,68,0,0,0
"Maryland","Anne Arundel",2017,41,39,2,0,0,0,0,54,47,40,0,0,31,0,0,10
"Maryland","Baltimore",2017,90,82,8,0,0,0,0,74,50,38,0,14,44,0,32,0
"Maryland","Baltimore (City)",2017,90,68,22,0,0,0,0,70,57,40,0,12,20,0,58,0
"Maryland","Calvert",2017,31,27,4,0,0,0,0,64,51,43,0,0,31,0,0,0
"Maryland","Carroll",2017,31,30,1,0,0,0,0,51,47,40,0,0,31,0,0,0
"Maryland","Cecil",2017,90,71,19,0,0,0,0,67,54,39,0,0,23,0,67,0
"Maryland","Charles",2017,30,24,6,0,0,0,0,71,61,45,0,0,30,0,0,0
"Maryland","Dorchester",2017,90,81,9,0,0,0,0,63,51,41,0,0,61,0,29,0
"Maryland","Frederick",2017,31,30,1,0,0,0,0,54,47,41,0,0,31,0,0,0
"Maryland","Garrett",2017,90,80,10,0,0,0,0,67,53,38,0,0,71,0,19,0
"Maryland","Harford",2017,119,100,19,0,0,0,0,84,54,39,0,0,57,0,62,0
"Maryland","Howard",2017,90,74,16,0,0,0,0,64,53,35,0,33,0,0,57,0
"Maryland","Kent",2017,86,77,9,0,0,0,0,59,51,37,0,0,27,0,59,0
"Maryland","Montgomery",2017,89,87,2,0,0,0,0,61,46,32,0,0,29,0,60,0
"Maryland","Prince George's",2017,90,84,6,0,0,0,0,61,48,37,0,1,67,0,22,0
"Maryland","Washington",2017,90,74,16,0,0,0,0,80,58,39,0,0,21,0,69,0
"Massachusetts","Barnstable",2017,83,83,0,0,0,0,0,50,44,40,0,0,83,0,0,0
"Massachusetts","Berkshire",2017,89,70,19,0,0,0,0,67,58,33,0,0,0,0,89,0
"Massachusetts","Bristol",2017,90,89,1,0,0,0,0,51,44,38,0,0,83,0,7,0
"Massachusetts","Dukes",2017,89,89,0,0,0,0,0,49,45,39,0,0,89,0,0,0
"Massachusetts","Essex",2017,90,88,2,0,0,0,0,54,44,39,0,1,80,0,9,0
"Massachusetts","Franklin",2017,90,86,4,0,0,0,0,56,45,37,0,0,70,0,20,0
"Massachusetts","Hampden",2017,90,73,17,0,0,0,0,68,56,39,0,6,49,0,35,0
"Massachusetts","Hampshire",2017,90,85,5,0,0,0,0,57,48,40,0,0,70,0,20,0
"Massachusetts","Middlesex",2017,89,89,0,0,0,0,0,50,43,34,0,0,89,0,0,0
"Massachusetts","Norfolk",2017,90,89,1,0,0,0,0,54,44,38,0,1,89,0,0,0
"Massachusetts","Plymouth",2017,90,89,1,0,0,0,0,54,43,35,0,0,77,0,13,0
"Massachusetts","Suffolk",2017,90,2,88,0,0,0,0,80,70,62,0,0,0,0,90,0
"Massachusetts","Worcester",2017,90,82,8,0,0,0,0,58,50,41,0,12,58,0,20,0
"Michigan","Allegan",2017,28,21,7,0,0,0,0,77,63,36,0,0,0,0,28,0
"Michigan","Bay",2017,30,25,5,0,0,0,0,80,57,30,0,0,0,0,30,0
"Michigan","Berrien",2017,30,23,7,0,0,0,0,75,59,35,0,0,0,0,30,0
"Michigan","Chippewa",2017,28,25,3,0,0,0,0,79,60,19,0,0,0,0,28,0
"Michigan","Genesee",2017,30,23,7,0,0,0,0,73,57,33,0,0,0,0,30,0
"Michigan","Ingham",2017,30,22,8,0,0,0,0,78,62,36,0,0,0,0,30,0
"Michigan","Kalamazoo",2017,29,19,10,0,0,0,0,79,63,40,0,0,0,0,29,0
"Michigan","Kent",2017,30,19,11,0,0,0,0,90,67,44,0,0,0,0,30,0
"Michigan","Lenawee",2017,30,23,7,0,0,0,0,69,54,33,0,0,0,0,30,0
"Michigan","Macomb",2017,30,23,7,0,0,0,0,89,60,36,0,0,0,0,30,0
"Michigan","Manistee",2017,30,27,3,0,0,0,0,72,56,23,0,0,0,0,30,0
"Michigan","Missaukee",2017,26,24,2,0,0,0,0,57,35,16,0,0,0,0,26,0
"Michigan","Monroe",2017,30,23,7,0,0,0,0,86,60,33,0,0,0,0,30,0
"Michigan","Oakland",2017,27,17,10,0,0,0,0,74,67,45,0,0,0,0,27,0
"Michigan","St. Clair",2017,90,79,11,0,0,0,0,97,54,9,0,0,0,61,29,0
"Michigan","Tuscola",2017,52,52,0,0,0,0,0,37,35,30,0,0,52,0,0,0
"Michigan","Washtenaw",2017,69,59,10,0,0,0,0,92,54,33,0,0,46,0,23,0
"Michigan","Wayne",2017,90,56,32,2,0,0,0,137,67,43,0,11,0,4,51,24
"Michigan","Wexford",2017,59,59,0,0,0,0,0,43,40,33,0,0,59,0,0,0
"Minnesota","Saint Louis",2017,90,90,0,0,0,0,0,44,41,35,0,0,90,0,0,0
"Mississippi","Yalobusha",2017,53,53,0,0,0,0,0,50,40,32,0,0,53,0,0,0
"Missouri","Andrew",2017,31,30,1,0,0,0,0,58,48,37,0,0,31,0,0,0
"Missouri","Boone",2017,31,28,3,0,0,0,0,58,50,40,0,0,31,0,0,0
"Missouri","Buchanan",2017,90,66,24,0,0,0,0,74,59,37,0,0,0,0,76,14
"Missouri","Callaway",2017,31,31,0,0,0,0,0,50,48,37,0,0,31,0,0,0
"Missouri","Cass",2017,90,80,10,0,0,0,0,74,52,33,0,0,24,0,66,0
"Missouri","Cedar",2017,90,79,11,0,0,0,0,67,53,34,0,0,25,0,65,0
"Missouri","Clay",2017,89,76,13,0,0,0,0,71,52,31,0,0,22,0,67,0
"Missouri","Clinton",2017,31,29,2,0,0,0,0,61,48,37,0,0,31,0,0,0
"Missouri","Franklin",2017,90,90,0,0,0,0,0,41,13,1,0,0,0,90,0,0
"Missouri","Greene",2017,90,77,13,0,0,0,0,63,53,35,0,0,27,0,63,0
"Missouri","Iron",2017,90,90,0,0,0,0,0,47,27,4,0,0,0,90,0,0
"Missouri","Jackson",2017,90,52,38,0,0,0,0,90,66,46,0,5,0,2,67,16
"Missouri","Jasper",2017,90,78,12,0,0,0,0,67,53,24,0,0,24,0,0,66
"Missouri","Jefferson",2017,90,72,18,0,0,0,0,72,58,35,0,0,13,3,72,2
"Missouri","Lincoln",2017,31,31,0,0,0,0,0,49,44,37,0,0,31,0,0,0
"Missouri","Monroe",2017,90,89,1,0,0,0,0,51,44,33,0,0,90,0,0,0
"Missouri","Perry",2017,31,31,0,0,0,0,0,49,47,41,0,0,31,0,0,0
"Missouri","Saint Charles",2017,90,90,0,0,0,0,0,49,43,7,0,0,30,60,0,0
"Missouri","Saint Louis",2017,90,59,31,0,0,0,0,77,60,43,0,10,16,0,64,0
"Missouri","Sainte Genevieve",2017,31,30,1,0,0,0,0,54,48,40,0,0,31,0,0,0
"Missouri","St. Louis City",2017,90,60,30,0,0,0,0,68,60,44,0,12,19,0,57,2
"Missouri","Taney",2017,31,30,1,0,0,0,0,58,48,38,0,0,31,0,0,0
"Montana","Cascade",2017,58,51,7,0,0,0,0,63,53,32,0,0,0,0,58,0
"Montana","Fergus",2017,59,58,1,0,0,0,0,57,45,41,0,0,55,0,4,0
"Montana","Flathead",2017,90,70,20,0,0,0,0,88,67,39,0,0,57,0,30,3
"Montana","Gallatin",2017,90,81,9,0,0,0,0,74,52,15,18,27,0,0,45,0
"Montana","Lewis and Clark",2017,59,24,25,4,6,0,0,156,152,58,0,0,18,0,41,0
"Montana","Lincoln",2017,57,12,44,1,0,0,0,109,87,66,0,0,0,0,57,0
"Montana","Missoula",2017,59,1,32,20,6,0,0,160,152,95,0,0,0,0,59,0
"Montana","Phillips",2017,59,59,0,0,0,0,0,42,32,27,0,0,47,0,12,0
"Montana","Powder River",2017,59,59,0,0,0,0,0,47,42,36,0,0,53,0,6,0
"Montana","Ravalli",2017,57,26,27,4,0,0,0,129,99,53,0,0,0,0,57,0
"Montana","Richland",2017,59,59,0,0,0,0,0,49,43,35,0,0,51,1,7,0
"Montana","Rosebud",2017,59,59,0,0,0,0,0,45,42,34,0,0,47,0,11,1
"Montana","Sanders",2017,52,52,0,0,0,0,0,37,14,8,0,0,0,0,0,52
"Montana","Silver Bow",2017,59,27,29,3,0,0,0,108,93,54,0,0,0,0,59,0
"Montana","Yellowstone",2017,59,49,10,0,0,0,0,70,59,33,0,0,0,1,58,0
"Nebraska","Cass",2017,59,54,5,0,0,0,0,66,48,14,0,0,0,0,0,59
"Nebraska","Douglas",2017,90,56,34,0,0,0,0,70,58,44,0,0,18,2,67,3
"Nebraska","Hall",2017,28,27,1,0,0,0,0,56,47,19,0,0,0,0,28,0
"Nebraska","Knox",2017,56,56,0,0,0,0,0,43,39,33,0,0,56,0,0,0
"Nebraska","Lancaster",2017,30,27,3,0,0,0,0,61,51,25,0,0,0,0,30,0
"Nebraska","Sarpy",2017,89,52,37,0,0,0,0,73,60,43,0,0,0,0,89,0
"Nebraska","Scotts Bluff",2017,29,28,1,0,0,0,0,59,46,18,0,0,0,0,29,0
"Nebraska","Washington",2017,30,28,2,0,0,0,0,64,47,26,0,0,0,0,30,0
"Nevada","Carson City",2017,1,1,0,0,0,0,0,9,9,9,0,0,0,0,1,0
"Nevada","Clark",2017,90,71,19,0,0,0,0,81,58,45,0,17,48,0,25,0
"Nevada","Washoe",2017,90,73,17,0,0,0,0,99,59,44,0,6,61,0,21,2
"Nevada","White Pine",2017,86,81,5,0,0,0,0,67,47,43,0,0,86,0,0,0
"New Hampshire","Grafton",2017,59,59,0,0,0,0,0,45,42,35,0,0,59,0,0,0
"New Jersey","Mercer",2017,58,58,0,0,0,0,0,44,38,30,0,0,58,0,0,0
"New Mexico","Dona Ana",2017,90,66,24,0,0,0,0,90,64,46,0,0,85,0,3,2
"New Mexico","San Juan",2017,114,96,18,0,0,0,0,97,54,36,0,6,108,0,0,0
"New York","Albany",2017,90,71,19,0,0,0,0,74,56,39,0,0,54,0,36,0
"New York","Bronx",2017,90,67,23,0,0,0,0,74,58,44,0,22,24,0,44,0
"New York","Chautauqua",2017,84,80,4,0,0,0,0,61,46,35,0,0,63,13,8,0
"New York","Dutchess",2017,89,80,9,0,0,0,0,71,54,35,0,0,86,3,0,0
"New York","Erie",2017,90,73,17,0,0,0,0,65,54,39,0,5,39,0,46,0
"New York","Essex",2017,90,74,14,2,0,0,0,119,61,41,0,0,89,0,1,0
"New York","Franklin",2017,89,89,0,0,0,0,0,1,1,0,0,0,0,89,0,0
"New York","Hamilton",2017,89,77,11,1,0,0,0,108,58,38,0,0,89,0,0,0
"New York","Herkimer",2017,72,71,1,0,0,0,0,54,42,35,0,0,71,1,0,0
"New York","Jefferson",2017,88,84,3,1,0,0,0,101,44,35,0,0,88,0,0,0
"New York","Kings",2017,90,78,12,0,0,0,0,59,52,33,0,0,0,0,90,0
"New York","Monroe",2017,90,77,13,0,0,0,0,77,53,37,0,1,41,0,48,0
"New York","Nassau",2017,90,79,11,0,0,0,0,57,52,30,0,0,0,4,86,0
"New York","New York",2017,90,51,39,0,0,0,0,76,62,48,0,0,10,0,80,0
"New York","Niagara",2017,29,27,2,0,0,0,0,61,50,38,0,0,29,0,0,0
"New York","Oneida",2017,89,77,12,0,0,0,0,61,54,29,0,0,0,0,89,0
"New York","Onondaga",2017,90,86,4,0,0,0,0,71,46,35,0,0,70,0,20,0
"New York","Orange",2017,90,72,17,1,0,0,0,115,63,38,0,0,51,0,39,0
"New York","Oswego",2017,87,79,8,0,0,0,0,77,49,36,0,0,87,0,0,0
"New York","Putnam",2017,90,81,9,0,0,0,0,77,51,36,0,0,88,2,0,0
"New York","Queens",2017,90,69,21,0,0,0,0,78,57,42,0,26,23,0,41,0
"New York","Richmond",2017,90,72,18,0,0,0,0,64,55,42,0,0,25,0,65,0
"New York","Rockland",2017,90,82,8,0,0,0,0,74,50,37,0,0,63,0,27,0
"New York","Saratoga",2017,89,76,10,3,0,0,0,122,67,37,0,0,89,0,0,0
"New York","Seneca",2017,78,78,0,0,0,0,0,3,0,0,0,0,0,78,0,0
"New York","St. Lawrence",2017,90,57,25,8,0,0,0,108,100,31,0,0,0,90,0,0
"New York","Steuben",2017,90,89,1,0,0,0,0,51,41,34,6,0,80,0,4,0
"New York","Suffolk",2017,90,70,20,0,0,0,0,87,58,40,0,0,52,0,38,0
"New York","Tompkins",2017,59,58,1,0,0,0,0,54,40,32,0,0,58,1,0,0
"New York","Wayne",2017,87,85,2,0,0,0,0,67,42,35,0,0,87,0,0,0
"New York","Westchester",2017,90,77,13,0,0,0,0,67,53,38,0,0,51,0,39,0
"North Carolina","Alexander",2017,90,88,2,0,0,0,0,54,46,13,0,0,31,0,0,59
"North Carolina","Avery",2017,85,84,1,0,0,0,0,51,47,41,0,0,85,0,0,0
"North Carolina","Beaufort",2017,90,90,0,0,0,0,0,31,13,0,0,0,0,90,0,0
"North Carolina","Brunswick",2017,89,78,9,2,0,0,0,117,55,0,0,0,0,89,0,0
"North Carolina","Buncombe",2017,90,85,5,0,0,0,0,59,47,35,0,0,26,0,64,0
"North Carolina","Caldwell",2017,90,89,1,0,0,0,0,54,46,0,0,0,30,60,0,0
"North Carolina","Carteret",2017,51,50,1,0,0,0,0,58,44,35,0,0,51,0,0,0
"North Carolina","Caswell",2017,88,88,0,0,0,0,0,50,47,9,0,0,30,0,0,58
"North Carolina","Catawba",2017,90,70,20,0,0,0,0,69,61,33,0,0,0,0,90,0
"North Carolina","Cumberland",2017,90,72,18,0,0,0,0,88,55,42,0,0,24,0,65,1
"North Carolina","Davidson",2017,89,77,12,0,0,0,0,60,53,28,0,0,0,0,89,0
"North Carolina","Durham",2017,90,64,26,0,0,0,0,71,57,43,0,0,34,0,56,0
"North Carolina","Edgecombe",2017,87,81,6,0,0,0,0,58,47,31,0,0,26,0,61,0
"North Carolina","Forsyth",2017,90,84,6,0,0,0,0,67,49,39,0,8,28,0,54,0
"North Carolina","Graham",2017,31,30,1,0,0,0,0,54,48,44,0,0,31,0,0,0
"North Carolina","Granville",2017,31,30,1,0,0,0,0,51,48,43,0,0,31,0,0,0
"North Carolina","Guilford",2017,90,81,9,0,0,0,0,56,51,27,0,0,0,0,79,11
"North Carolina","Haywood",2017,90,62,12,15,1,0,0,152,117,44,0,0,22,68,0,0
"North Carolina","Jackson",2017,30,29,1,0,0,0,0,52,41,29,0,0,0,0,30,0
"North Carolina","Johnston",2017,90,77,13,0,0,0,0,65,56,38,0,0,25,0,65,0
"North Carolina","Lee",2017,89,73,16,0,0,0,0,83,54,43,0,0,54,0,35,0
"North Carolina","Lenoir",2017,31,29,2,0,0,0,0,74,50,44,0,0,31,0,0,0
"North Carolina","Lincoln",2017,31,29,2,0,0,0,0,61,49,44,0,0,31,0,0,0
"North Carolina","Macon",2017,50,50,0,0,0,0,0,50,44,36,0,0,50,0,0,0
"North Carolina","Martin",2017,90,90,0,0,0,0,0,50,45,1,0,0,31,59,0,0
"North Carolina","Mecklenburg",2017,120,81,39,0,0,0,0,74,59,45,0,0,55,0,65,0
"North Carolina","Mitchell",2017,90,87,3,0,0,0,0,60,44,23,0,0,0,0,90,0
"North Carolina","Montgomery",2017,80,74,6,0,0,0,0,60,49,37,0,0,45,0,35,0
"North Carolina","New Hanover",2017,90,84,6,0,0,0,0,59,50,27,0,0,28,1,61,0
"North Carolina","Person",2017,31,31,0,0,0,0,0,50,48,43,0,0,31,0,0,0
"North Carolina","Pitt",2017,90,82,8,0,0,0,0,63,49,33,0,0,28,0,62,0
"North Carolina","Rockingham",2017,30,29,1,0,0,0,0,51,48,44,0,0,30,0,0,0
"North Carolina","Rowan",2017,88,88,0,0,0,0,0,47,44,38,0,0,88,0,0,0
"North Carolina","Swain",2017,90,72,18,0,0,0,0,64,54,41,0,0,23,0,67,0
"North Carolina","Union",2017,29,27,2,0,0,0,0,58,49,44,0,0,29,0,0,0
"North Carolina","Wake",2017,90,60,30,0,0,0,0,71,59,46,0,1,26,0,63,0
"North Carolina","Yancey",2017,27,17,10,0,0,0,0,80,61,48,0,0,27,0,0,0
"North Dakota","Billings",2017,90,90,0,0,0,0,0,44,41,35,0,0,86,0,4,0
"North Dakota","Burke",2017,90,87,1,2,0,0,0,119,41,34,0,1,66,0,23,0
"North Dakota","Burleigh",2017,30,29,1,0,0,0,0,57,46,26,0,0,0,0,30,0
"North Dakota","Cass",2017,90,82,8,0,0,0,0,58,49,36,0,1,46,0,42,1
"North Dakota","Dunn",2017,90,87,3,0,0,0,0,56,43,35,0,0,67,0,22,1
"North Dakota","McKenzie",2017,90,90,0,0,0,0,0,49,41,35,0,0,78,0,12,0
"North Dakota","Mercer",2017,90,88,2,0,0,0,0,67,40,34,0,0,78,2,10,0
"North Dakota","Oliver",2017,90,86,4,0,0,0,0,70,43,36,0,0,69,1,20,0
"North Dakota","Stutsman",2017,90,89,1,0,0,0,0,55,13,6,0,0,0,13,0,77
"North Dakota","Ward",2017,71,70,1,0,0,0,0,51,39,33,0,0,62,0,9,0
"North Dakota","Williams",2017,90,89,1,0,0,0,0,52,42,33,0,0,55,0,35,0
"Ohio","Adams",2017,90,89,1,0,0,0,0,53,33,19,0,0,0,0,90,0
"Ohio","Allen",2017,90,86,4,0,0,0,0,60,44,27,0,0,29,0,61,0
"Ohio","Ashtabula",2017,90,89,1,0,0,0,0,54,39,3,0,0,31,59,0,0
"Ohio","Athens",2017,15,14,1,0,0,0,0,56,35,24,0,0,0,0,15,0
"Ohio","Belmont",2017,90,86,4,0,0,0,0,75,36,20,0,62,0,0,28,0
"Ohio","Butler",2017,90,80,10,0,0,0,0,67,51,37,0,0,70,1,17,2
"Ohio","Clark",2017,120,97,23,0,0,0,0,77,57,39,0,0,49,0,71,0
"Ohio","Clermont",2017,90,77,13,0,0,0,0,70,55,38,0,0,18,0,72,0
"Ohio","Clinton",2017,31,31,0,0,0,0,0,48,44,38,0,0,31,0,0,0
"Ohio","Columbiana",2017,95,95,0,0,0,0,0,26,14,1,0,0,0,75,0,20
"Ohio","Cuyahoga",2017,90,58,32,0,0,0,0,93,63,43,0,7,27,2,53,1
"Ohio","Delaware",2017,30,30,0,0,0,0,0,48,43,37,0,0,30,0,0,0
"Ohio","Fayette",2017,59,59,0,0,0,0,0,44,37,29,0,0,59,0,0,0
"Ohio","Franklin",2017,90,80,10,0,0,0,0,72,53,36,0,16,23,0,51,0
"Ohio","Gallia",2017,120,119,1,0,0,0,0,54,23,6,0,0,0,120,0,0
"Ohio","Geauga",2017,31,30,1,0,0,0,0,61,44,40,0,0,31,0,0,0
"Ohio","Greene",2017,120,104,16,0,0,0,0,73,52,38,0,0,53,0,67,0
"Ohio","Hamilton",2017,90,62,28,0,0,0,0,78,63,42,0,11,24,0,55,0
"Ohio","Jefferson",2017,90,38,52,0,0,0,0,82,71,53,0,0,3,2,85,0
"Ohio","Knox",2017,31,31,0,0,0,0,0,48,42,38,0,0,31,0,0,0
"Ohio","Lake",2017,90,83,7,0,0,0,0,74,49,33,0,0,22,0,68,0
"Ohio","Lawrence",2017,90,87,3,0,0,0,0,54,44,29,0,0,26,0,64,0
"Ohio","Licking",2017,31,31,0,0,0,0,0,46,43,38,0,0,31,0,0,0
"Ohio","Lorain",2017,90,82,8,0,0,0,0,81,48,27,0,0,26,0,64,0
"Ohio","Lucas",2017,90,75,14,1,0,0,0,107,57,37,0,0,25,0,65,0
"Ohio","Madison",2017,31,31,0,0,0,0,0,47,43,38,0,0,31,0,0,0
"Ohio","Mahoning",2017,90,77,13,0,0,0,0,72,53,33,0,0,19,0,71,0
"Ohio","Medina",2017,90,75,15,0,0,0,0,84,54,36,0,0,24,0,66,0
"Ohio","Miami",2017,61,56,5,0,0,0,0,71,49,40,0,0,61,0,0,0
"Ohio","Montgomery",2017,120,101,19,0,0,0,0,71,58,39,0,0,52,0,68,0
"Ohio","Morgan",2017,89,89,0,0,0,0,0,20,9,1,0,0,0,89,0,0
"Ohio","Noble",2017,57,56,1,0,0,0,0,51,41,31,0,0,57,0,0,0
"Ohio","Portage",2017,51,47,4,0,0,0,0,76,46,37,0,0,30,0,21,0
"Ohio","Preble",2017,120,107,13,0,0,0,0,66,52,37,1,0,97,0,22,0
"Ohio","Scioto",2017,90,88,2,0,0,0,0,54,35,13,0,0,0,6,30,54
"Ohio","Stark",2017,90,69,21,0,0,0,0,81,62,40,5,0,21,0,64,0
"Ohio","Summit",2017,90,70,20,0,0,0,0,87,59,37,0,0,17,0,73,0
"Ohio","Trumbull",2017,90,83,7,0,0,0,0,79,47,34,0,0,23,0,67,0
"Ohio","Warren",2017,90,71,19,0,0,0,0,75,54,40,0,0,18,0,72,0
"Ohio","Washington",2017,31,31,0,0,0,0,0,49,46,40,0,0,31,0,0,0
"Ohio","Wood",2017,31,31,0,0,0,0,0,46,40,36,0,0,31,0,0,0
"Oklahoma","Bryan",2017,53,48,5,0,0,0,0,80,50,41,0,0,53,0,0,0
"Oklahoma","Caddo",2017,31,31,0,0,0,0,0,41,38,33,0,0,31,0,0,0
"Oklahoma","Canadian",2017,120,117,3,0,0,0,0,74,46,36,0,12,108,0,0,0
"Oklahoma","Carter",2017,65,59,6,0,0,0,0,78,49,24,0,0,0,0,65,0
"Oklahoma","Choctaw",2017,31,31,0,0,0,0,0,49,46,38,0,0,31,0,0,0
"Oklahoma","Cleveland",2017,119,100,19,0,0,0,0,87,59,38,0,0,68,0,51,0
"Oklahoma","Comanche",2017,120,105,15,0,0,0,0,67,53,40,0,0,88,0,32,0
"Oklahoma","Creek",2017,120,111,9,0,0,0,0,84,49,37,0,0,120,0,0,0
"Oklahoma","Custer",2017,105,103,2,0,0,0,0,88,31,14,0,0,0,0,0,105
"Oklahoma","Dewey",2017,115,102,11,2,0,0,0,134,52,40,0,0,96,0,19,0
"Oklahoma","Garfield",2017,111,104,7,0,0,0,0,90,26,1,0,0,0,111,0,0
"Oklahoma","Grady",2017,94,94,0,0,0,0,0,20,16,8,0,94,0,0,0,0
"Oklahoma","Jefferson",2017,45,41,4,0,0,0,0,67,49,43,0,0,45,0,0,0
"Oklahoma","Kay",2017,120,85,35,0,0,0,0,81,62,35,0,0,0,2,118,0
"Oklahoma","Lincoln",2017,17,17,0,0,0,0,0,43,37,22,0,0,2,0,14,1
"Oklahoma","Love",2017,65,57,8,0,0,0,0,97,51,44,0,0,65,0,0,0
"Oklahoma","Mayes",2017,118,118,0,0,0,0,0,43,24,7,0,0,0,118,0,0
"Oklahoma","McClain",2017,120,115,5,0,0,0,0,84,47,37,0,0,120,0,0,0
"Oklahoma","Muskogee",2017,116,106,10,0,0,0,0,92,44,17,0,0,0,46,0,70
"Oklahoma","Oklahoma",2017,120,90,30,0,0,0,0,97,58,43,0,10,69,0,41,0
"Oklahoma","Osage",2017,113,106,7,0,0,0,0,84,49,38,0,0,113,0,0,0
"Oklahoma","Ottawa",2017,70,63,7,0,0,0,0,93,53,33,0,0,34,0,34,2
"Oklahoma","Pittsburg",2017,117,88,29,0,0,0,0,100,62,41,0,0,65,0,52,0
"Oklahoma","Sequoyah",2017,30,23,7,0,0,0,0,67,56,30,0,0,0,0,30,0
"Oklahoma","Tulsa",2017,120,83,36,1,0,0,0,102,62,42,0,1,64,0,55,0
"Oklahoma","Washington",2017,120,86,33,1,0,0,0,107,61,40,0,0,65,0,55,0
"Pennsylvania","Adams",2017,56,56,0,0,0,0,0,50,38,33,0,0,56,0,0,0
"Pennsylvania","Allegheny",2017,90,52,35,3,0,0,0,140,82,47,0,0,29,4,57,0
"Pennsylvania","Centre",2017,58,57,1,0,0,0,0,54,39,32,0,0,58,0,0,0
"Pennsylvania","Elk",2017,58,57,1,0,0,0,0,54,39,33,0,0,58,0,0,0
"Pennsylvania","Mercer",2017,58,57,1,0,0,0,0,51,38,32,0,0,58,0,0,0
"Pennsylvania","Somerset",2017,59,58,1,0,0,0,0,54,40,32,0,0,59,0,0,0
"Rhode Island","Kent",2017,79,79,0,0,0,0,0,49,43,22,0,0,27,0,51,1
"Rhode Island","Providence",2017,89,74,15,0,0,0,0,70,55,39,0,29,22,0,37,1
"Rhode Island","Washington",2017,88,86,2,0,0,0,0,58,45,32,0,0,30,0,58,0
"South Carolina","Abbeville",2017,9,9,0,0,0,0,0,33,33,25,0,0,9,0,0,0
"South Carolina","Aiken",2017,89,87,2,0,0,0,0,58,48,42,0,0,89,0,0,0
"South Carolina","Anderson",2017,72,68,4,0,0,0,0,67,48,39,0,0,72,0,0,0
"South Carolina","Berkeley",2017,79,73,6,0,0,0,0,71,49,42,0,0,79,0,0,0
"South Carolina","Charleston",2017,120,98,22,0,0,0,0,80,58,43,0,1,79,0,40,0
"South Carolina","Chesterfield",2017,120,110,10,0,0,0,0,66,50,40,0,0,103,0,17,0
"South Carolina","Colleton",2017,120,96,24,0,0,0,0,82,56,40,0,0,72,0,48,0
"South Carolina","Darlington",2017,91,85,6,0,0,0,0,61,49,42,0,0,91,0,0,0
"South Carolina","Edgefield",2017,120,94,26,0,0,0,0,66,56,43,0,0,65,0,55,0
"South Carolina","Florence",2017,103,93,10,0,0,0,0,60,48,27,0,0,0,0,103,0
"South Carolina","Georgetown",2017,117,116,1,0,0,0,0,63,31,15,0,0,0,0,0,117
"South Carolina","Greenville",2017,120,80,40,0,0,0,0,79,59,44,0,0,68,0,52,0
"South Carolina","Horry",2017,118,114,4,0,0,0,0,64,47,39,0,0,118,0,0,0
"South Carolina","Lexington",2017,108,85,23,0,0,0,0,70,59,28,0,0,0,6,88,14
"South Carolina","Oconee",2017,120,99,21,0,0,0,0,84,58,44,0,0,108,2,10,0
"South Carolina","Pickens",2017,95,84,11,0,0,0,0,84,51,43,0,0,95,0,0,0
"South Carolina","Richland",2017,120,100,20,0,0,0,0,88,54,43,0,0,105,0,15,0
"South Carolina","Spartanburg",2017,117,95,22,0,0,0,0,84,58,44,0,0,64,0,53,0
"South Carolina","York",2017,62,56,6,0,0,0,0,84,49,43,0,0,62,0,0,0
"Tennessee","Blount",2017,90,81,9,0,0,0,0,66,51,42,0,0,76,0,14,0
"Tennessee","Claiborne",2017,55,55,0,0,0,0,0,45,40,32,0,0,55,0,0,0
"Tennessee","DeKalb",2017,58,58,0,0,0,0,0,49,44,34,0,0,58,0,0,0
"Tennessee","Dyer",2017,19,19,0,0,0,0,0,48,41,29,0,0,0,0,19,0
"Tennessee","Hamilton",2017,31,27,4,0,0,0,0,61,51,45,0,0,31,0,0,0
"Tennessee","Knox",2017,117,103,14,0,0,0,0,90,54,36,0,0,58,0,23,36
"Tennessee","Lawrence",2017,20,18,2,0,0,0,0,55,53,25,0,0,0,0,20,0
"Tennessee","Loudon",2017,20,17,3,0,0,0,0,64,63,30,0,0,0,0,20,0
"Tennessee","Madison",2017,20,18,2,0,0,0,0,53,51,25,0,0,0,0,20,0
"Tennessee","Maury",2017,20,19,1,0,0,0,0,53,45,24,0,0,0,0,20,0
"Tennessee","McMinn",2017,20,18,2,0,0,0,0,63,58,34,0,0,0,0,20,0
"Tennessee","Putnam",2017,20,20,0,0,0,0,0,47,45,23,0,0,0,0,20,0
"Tennessee","Roane",2017,20,17,3,0,0,0,0,64,60,33,0,0,0,0,20,0
"Tennessee","Sevier",2017,89,88,1,0,0,0,0,54,48,42,0,0,89,0,0,0
"Tennessee","Shelby",2017,120,113,7,0,0,0,0,60,48,37,0,1,63,0,56,0
"Tennessee","Sullivan",2017,20,19,1,0,0,0,0,59,42,25,0,0,0,0,20,0
"Tennessee","Sumner",2017,19,18,1,0,0,0,0,59,50,24,0,0,0,0,19,0
"Texas","Bell",2017,59,57,2,0,0,0,0,74,46,37,0,0,59,0,0,0
"Texas","Bexar",2017,90,75,14,0,1,0,0,156,61,42,0,3,48,0,39,0
"Texas","Bowie",2017,90,83,7,0,0,0,0,60,49,29,0,0,0,0,90,0
"Texas","Brazoria",2017,31,31,0,0,0,0,0,46,42,37,0,1,30,0,0,0
"Texas","Brewster",2017,87,80,7,0,0,0,0,67,50,41,0,0,87,0,0,0
"Texas","Cameron",2017,59,58,1,0,0,0,0,54,44,33,0,0,59,0,0,0
"Texas","Collin",2017,59,58,1,0,0,0,0,67,43,31,0,0,59,0,0,0
"Texas","Dallas",2017,59,57,2,0,0,0,0,67,44,34,0,19,40,0,0,0
"Texas","Denton",2017,59,52,7,0,0,0,0,77,53,37,0,1,40,0,18,0
"Texas","Ector",2017,47,47,0,0,0,0,0,45,36,15,0,0,0,0,47,0
"Texas","El Paso",2017,90,63,25,1,1,0,0,154,67,45,0,24,41,0,25,0
"Texas","Ellis",2017,59,48,11,0,0,0,0,75,54,38,0,3,28,0,28,0
"Texas","Fayette",2017,59,55,4,0,0,0,0,55,45,22,0,0,0,0,59,0
"Texas","Galveston",2017,31,30,1,0,0,0,0,51,45,34,0,0,27,0,4,0
"Texas","Gregg",2017,90,88,2,0,0,0,0,74,44,35,0,3,86,1,0,0
"Texas","Harris",2017,90,72,18,0,0,0,0,66,55,41,0,15,33,0,42,0
"Texas","Harrison",2017,90,81,9,0,0,0,0,94,51,38,0,0,55,0,35,0
"Texas","Hidalgo",2017,59,46,13,0,0,0,0,77,60,37,0,0,39,0,20,0
"Texas","Hood",2017,59,59,0,0,0,0,0,47,42,32,0,0,59,0,0,0
"Texas","Howard",2017,59,44,13,2,0,0,0,111,74,24,0,0,0,59,0,0
"Texas","Hunt",2017,59,58,1,0,0,0,0,58,42,33,0,0,59,0,0,0
"Texas","Hutchinson",2017,47,40,3,4,0,0,0,116,82,3,0,0,0,47,0,0
"Texas","Jefferson",2017,90,60,28,2,0,0,0,106,76,43,0,0,46,25,19,0
"Texas","Johnson",2017,57,55,2,0,0,0,0,87,45,38,0,0,57,0,0,0
"Texas","Kaufman",2017,59,53,6,0,0,0,0,62,54,36,0,0,38,0,21,0
"Texas","Kleberg",2017,55,45,10,0,0,0,0,64,55,35,0,0,0,0,55,0
"Texas","Lubbock",2017,58,56,2,0,0,0,0,71,28,16,0,0,0,0,58,0
"Texas","Maverick",2017,52,44,8,0,0,0,0,79,55,28,0,0,0,0,52,0
"Texas","McLennan",2017,59,56,3,0,0,0,0,58,45,34,0,2,45,0,12,0
"Texas","Milam",2017,57,57,0,0,0,0,0,21,6,0,0,0,0,57,0,0
"Texas","Montgomery",2017,31,30,1,0,0,0,0,64,45,36,0,0,27,0,4,0
"Texas","Navarro",2017,59,47,11,1,0,0,0,121,58,39,0,0,34,8,17,0
"Texas","Nueces",2017,59,45,14,0,0,0,0,80,60,43,0,0,31,0,28,0
"Texas","Orange",2017,90,75,15,0,0,0,0,96,55,36,0,0,45,14,31,0
"Texas","Parker",2017,59,59,0,0,0,0,0,46,40,32,0,0,59,0,0,0
"Texas","Polk",2017,59,59,0,0,0,0,0,50,44,32,0,0,59,0,0,0
"Texas","Potter",2017,59,52,5,2,0,0,0,110,67,15,0,0,0,13,46,0
"Texas","Randall",2017,58,58,0,0,0,0,0,46,44,38,0,0,58,0,0,0
"Texas","Robertson",2017,59,59,0,0,0,0,0,14,7,1,0,0,0,59,0,0
"Texas","Rockwall",2017,53,53,0,0,0,0,0,49,41,30,0,0,53,0,0,0
"Texas","Smith",2017,90,86,4,0,0,0,0,90,45,36,0,5,85,0,0,0
"Texas","Tarrant",2017,59,51,8,0,0,0,0,74,54,40,0,8,29,0,22,0
"Texas","Titus",2017,90,90,0,0,0,0,0,47,13,0,0,0,0,90,0,0
"Texas","Travis",2017,59,51,8,0,0,0,0,75,58,40,0,7,31,0,21,0
"Texas","Victoria",2017,58,57,1,0,0,0,0,51,44,35,0,0,58,0,0,0
"Texas","Webb",2017,59,47,12,0,0,0,0,87,59,38,0,0,15,0,44,0
"Utah","Box Elder",2017,118,92,19,6,1,0,0,153,86,39,0,0,60,0,58,0
"Utah","Cache",2017,120,86,22,8,4,0,0,167,115,44,0,0,67,0,53,0
"Utah","Carbon",2017,120,102,18,0,0,0,0,84,64,44,0,0,120,0,0,0
"Utah","Davis",2017,120,87,27,6,0,0,0,128,87,44,0,10,80,0,30,0
"Utah","Duchesne",2017,120,98,14,7,1,0,0,151,58,44,0,0,118,0,2,0
"Utah","Salt Lake",2017,120,85,28,7,0,0,0,130,78,45,0,5,79,0,35,1
"Utah","San Juan",2017,69,66,3,0,0,0,0,71,46,42,0,0,69,0,0,0
"Utah","Tooele",2017,120,97,23,0,0,0,0,95,63,43,0,0,99,0,21,0
"Utah","Uintah",2017,120,92,22,6,0,0,0,122,71,46,0,0,112,0,8,0
"Utah","Utah",2017,120,74,41,2,3,0,0,161,80,47,0,19,74,0,26,1
"Utah","Washington",2017,120,103,17,0,0,0,0,90,58,43,0,0,118,0,2,0
"Utah","Weber",2017,120,86,27,6,1,0,0,152,82,45,0,20,67,0,32,1
"Virginia","Albemarle",2017,49,47,2,0,0,0,0,55,45,30,0,0,15,0,34,0
"Virginia","Alexandria City",2017,39,39,0,0,0,0,0,18,15,6,0,0,0,0,0,39
"Virginia","Arlington",2017,49,45,4,0,0,0,0,58,48,29,0,11,13,0,25,0
"Virginia","Bristol City",2017,28,25,3,0,0,0,0,57,51,25,0,0,0,0,28,0
"Virginia","Caroline",2017,31,31,0,0,0,0,0,40,33,26,0,0,31,0,0,0
"Virginia","Carroll",2017,21,21,0,0,0,0,0,13,8,6,0,0,0,0,0,21
"Virginia","Charles",2017,50,50,0,0,0,0,0,45,36,27,0,2,27,0,21,0
"Virginia","Chesterfield",2017,49,48,1,0,0,0,0,51,36,27,0,0,30,0,19,0
"Virginia","Fairfax",2017,95,92,3,0,0,0,0,56,41,26,0,9,7,0,72,7
"Virginia","Fauquier",2017,30,30,0,0,0,0,0,35,34,27,0,0,30,0,0,0
"Virginia","Frederick",2017,50,43,7,0,0,0,0,68,55,31,0,0,14,0,36,0
"Virginia","Fredericksburg City",2017,11,11,0,0,0,0,0,15,12,7,0,0,0,0,0,11
"Virginia","Giles",2017,56,56,0,0,0,0,0,50,45,35,0,0,56,0,0,0
"Virginia","Hampton City",2017,57,56,1,0,0,0,0,52,35,28,0,1,24,0,25,7
"Virginia","Hanover",2017,31,31,0,0,0,0,0,34,32,27,0,0,31,0,0,0
"Virginia","Henrico",2017,98,95,3,0,0,0,0,52,45,28,0,1,16,0,73,8
"Virginia","Hopewell City",2017,22,22,0,0,0,0,0,15,11,8,0,0,0,0,0,22
"Virginia","Loudoun",2017,48,46,2,0,0,0,0,55,42,26,0,4,21,0,23,0
"Virginia","Lynchburg City",2017,29,28,1,0,0,0,0,54,38,20,0,0,0,0,29,0
"Virginia","Madison",2017,89,87,2,0,0,0,0,54,47,39,0,0,87,0,2,0
"Virginia","Norfolk City",2017,57,55,2,0,0,0,0,52,33,19,5,17,0,0,28,7
"Virginia","Prince Edward",2017,58,58,0,0,0,0,0,49,43,36,0,0,58,0,0,0
"Virginia","Prince William",2017,31,31,0,0,0,0,0,35,32,26,0,2,29,0,0,0
"Virginia","Richmond City",2017,47,42,5,0,0,0,0,64,52,32,0,8,0,0,39,0
"Virginia","Roanoke",2017,90,86,4,0,0,0,0,59,40,27,0,0,20,0,70,0
"Virginia","Rockbridge",2017,31,31,0,0,0,0,0,42,36,30,0,0,31,0,0,0
"Virginia","Rockingham",2017,50,47,3,0,0,0,0,59,43,27,0,1,24,0,25,0
"Virginia","Salem City",2017,29,27,2,0,0,0,0,64,42,26,0,0,0,0,29,0
"Virginia","Stafford",2017,40,40,0,0,0,0,0,34,32,25,0,0,30,0,0,10
"Virginia","Suffolk City",2017,31,31,0,0,0,0,0,44,35,29,0,0,31,0,0,0
"Virginia","Virginia Beach City",2017,90,84,6,0,0,0,0,59,48,23,0,0,0,0,90,0
"Virginia","Winchester City",2017,23,23,0,0,0,0,0,16,12,6,0,0,0,0,0,23
"Virginia","Wythe",2017,31,31,0,0,0,0,0,42,37,29,0,0,31,0,0,0
"Washington","Adams",2017,59,59,0,0,0,0,0,40,35,13,0,0,0,0,59,0
"Washington","Asotin",2017,59,51,8,0,0,0,0,64,55,34,0,0,0,0,59,0
"Washington","Benton",2017,59,38,21,0,0,0,0,79,63,38,0,0,0,0,57,2
"Washington","Chelan",2017,59,41,18,0,0,0,0,95,74,38,0,0,0,0,59,0
"Washington","Clallam",2017,59,40,19,0,0,0,0,67,60,43,0,0,14,0,45,0
"Washington","Clark",2017,59,36,23,0,0,0,0,99,75,38,0,0,0,0,59,0
"Washington","Columbia",2017,59,49,10,0,0,0,0,60,54,30,0,0,0,0,59,0
"Washington","Cowlitz",2017,59,49,10,0,0,0,0,58,52,28,0,0,0,0,59,0
"Washington","Franklin",2017,40,35,5,0,0,0,0,56,53,23,0,0,0,0,40,0
"Washington","Grant",2017,59,46,13,0,0,0,0,61,56,25,0,0,0,0,59,0
"Washington","Grays Harbor",2017,59,55,4,0,0,0,0,56,45,25,0,0,0,0,59,0
"Washington","Jefferson",2017,59,56,3,0,0,0,0,55,46,20,0,0,0,0,59,0
"Washington","King",2017,59,41,17,1,0,0,0,102,69,41,0,14,12,0,33,0
"Washington","Kitsap",2017,55,53,2,0,0,0,0,57,33,16,0,0,0,0,55,0
"Washington","Kittitas",2017,59,22,34,3,0,0,0,128,86,56,0,0,0,0,59,0
"Washington","Lewis",2017,59,53,6,0,0,0,0,70,51,24,0,0,0,0,59,0
"Washington","Mason",2017,59,49,10,0,0,0,0,66,54,26,0,0,0,0,59,0
"Washington","Okanogan",2017,59,9,50,0,0,0,0,90,76,61,0,0,0,0,59,0
"Washington","Pierce",2017,59,42,16,1,0,0,0,111,79,44,0,5,27,0,27,0
"Washington","Skagit",2017,128,127,1,0,0,0,0,51,43,36,0,0,110,0,18,0
"Washington","Snohomish",2017,59,27,27,4,1,0,0,155,99,56,0,0,0,0,59,0
"Washington","Spokane",2017,59,41,18,0,0,0,0,84,64,33,0,0,0,0,59,0
"Washington","Stevens",2017,59,20,39,0,0,0,0,79,73,56,0,0,0,0,57,2
"Washington","Thurston",2017,59,49,10,0,0,0,0,85,57,27,0,0,0,0,59,0
"Washington","Walla Walla",2017,45,31,14,0,0,0,0,69,62,33,0,0,0,0,45,0
"Washington","Whatcom",2017,59,42,17,0,0,0,0,94,69,29,0,0,0,28,31,0
"Washington","Whitman",2017,59,58,1,0,0,0,0,54,42,19,0,0,0,0,59,0
"Washington","Yakima",2017,59,20,30,9,0,0,0,148,114,62,0,0,0,0,59,0
"West Virginia","Berkeley",2017,31,31,0,0,0,0,0,49,44,38,0,0,31,0,0,0
"West Virginia","Brooke",2017,90,83,7,0,0,0,0,70,48,16,0,0,0,30,30,30
"West Virginia","Cabell",2017,30,30,0,0,0,0,0,47,46,36,0,0,30,0,0,0
"West Virginia","Gilmer",2017,56,56,0,0,0,0,0,46,39,31,0,0,56,0,0,0
"West Virginia","Greenbrier",2017,27,27,0,0,0,0,0,48,46,39,0,0,27,0,0,0
"West Virginia","Hancock",2017,90,84,6,0,0,0,0,66,47,24,0,0,28,20,23,19
"West Virginia","Kanawha",2017,90,80,10,0,0,0,0,63,55,39,0,0,38,0,52,0
"West Virginia","Marshall",2017,90,59,31,0,0,0,0,83,69,43,0,0,0,0,90,0
"West Virginia","Mason",2017,120,120,0,0,0,0,0,49,13,3,0,0,0,120,0,0
"West Virginia","Monongalia",2017,90,90,0,0,0,0,0,49,40,4,0,0,31,59,0,0
"West Virginia","Ohio",2017,49,45,4,0,0,0,0,74,50,38,0,0,28,0,21,0
"West Virginia","Tucker",2017,57,57,0,0,0,0,0,48,41,34,0,0,57,0,0,0
"West Virginia","Wood",2017,78,78,0,0,0,0,0,45,40,11,0,0,30,48,0,0
"Wisconsin","Ashland",2017,29,29,0,0,0,0,0,40,37,32,0,0,29,0,0,0
"Wisconsin","Brown",2017,31,25,6,0,0,0,0,91,56,31,0,0,0,0,31,0
"Wisconsin","Dane",2017,31,22,9,0,0,0,0,74,68,40,0,0,0,0,31,0
"Wisconsin","Dodge",2017,31,24,7,0,0,0,0,79,62,34,0,0,12,0,19,0
"Wisconsin","Eau Claire",2017,31,24,7,0,0,0,0,85,61,38,0,0,0,0,31,0
"Wisconsin","Forest",2017,31,30,1,0,0,0,0,51,40,35,0,0,26,0,5,0
"Wisconsin","Grant",2017,31,25,6,0,0,0,0,71,57,33,0,0,0,0,31,0
"Wisconsin","Kenosha",2017,31,22,9,0,0,0,0,89,61,30,0,0,0,0,31,0
"Wisconsin","La Crosse",2017,31,24,7,0,0,0,0,68,57,31,0,0,0,0,31,0
"Wisconsin","Milwaukee",2017,31,18,13,0,0,0,0,81,68,45,0,1,3,0,27,0
"Wisconsin","Oneida",2017,30,30,0,0,0,0,0,31,11,0,0,0,0,30,0,0
"Wisconsin","Outagamie",2017,31,27,4,0,0,0,0,85,55,30,0,0,0,0,31,0
"Wisconsin","Ozaukee",2017,31,25,6,0,0,0,0,70,54,29,0,0,0,0,31,0
"Wisconsin","Sauk",2017,31,26,5,0,0,0,0,56,54,29,0,0,0,0,31,0
"Wisconsin","Taylor",2017,58,55,3,0,0,0,0,63,45,35,0,0,49,0,9,0
"Wisconsin","Vilas",2017,4,4,0,0,0,0,0,20,20,19,0,0,0,0,4,0
"Wisconsin","Waukesha",2017,31,19,12,0,0,0,0,80,66,46,0,0,0,0,31,0
"Wyoming","Albany",2017,64,58,6,0,0,0,0,67,50,45,0,0,52,0,10,2
"Wyoming","Campbell",2017,90,69,21,0,0,0,0,92,57,41,0,0,61,0,3,26
"Wyoming","Converse",2017,90,83,7,0,0,0,0,97,47,40,0,1,80,0,4,5
"Wyoming","Fremont",2017,90,71,19,0,0,0,0,83,71,46,0,0,78,0,12,0
"Wyoming","Laramie",2017,30,30,0,0,0,0,0,37,27,13,0,0,0,0,29,1
"Wyoming","Lincoln",2017,90,88,2,0,0,0,0,61,24,9,0,0,0,0,0,90
"Wyoming","Natrona",2017,90,90,0,0,0,0,0,49,46,42,0,4,83,0,3,0
"Wyoming","Park",2017,29,29,0,0,0,0,0,42,33,9,0,0,0,0,22,7
"Wyoming","Platte",2017,15,13,2,0,0,0,0,60,59,13,0,0,0,0,0,15
"Wyoming","Sheridan",2017,90,83,7,0,0,0,0,77,43,15,0,0,0,0,28,62
"Wyoming","Sublette",2017,90,53,30,7,0,0,0,150,100,49,0,0,88,0,2,0
"Wyoming","Sweetwater",2017,116,89,26,1,0,0,0,112,67,45,0,2,111,0,2,1
"Wyoming","Teton",2017,90,85,5,0,0,0,0,69,48,43,0,0,85,0,5,0
"Wyoming","Uinta",2017,90,87,3,0,0,0,0,58,48,43,0,2,86,0,0,2
